gene,chr,snp,clr,start,end,ncd05,ncd04,ncd03,facet,immune,qw_queen,qw_worker,mq_queen,mq_male,mw_male,mw_worker,male_biased_tissues,nonmale_biased_tissues,male_bias_index,worker_biased_tissues,nonworker_biased_tissues,worker_bias_index,queen_biased_tissues,nonqueen_biased_tissues,queen_bias_index,density,candens,hymenop
LOC105205121,CM031902.1,12168914,34.7049059507412,12165806,12170806,0.442113230855719,0.345980788336119,0.252866175867161,CM031902.1,0,6,1,8,1,1,4,2,12,-10,5,7,-2,14,2,12,0.000906544728219992,1,1
LOC105205250,CM031906.1,23562971,30.3013891357808,23560130,23565130,0.439375667062641,0.342601691456068,0.248396580432132,CM031906.1,0,3,1,0,3,3,1,6,1,5,2,6,-4,3,4,-1,0.00106863279363758,1,1
LOC105196578,CM031909.1,12089044,18.0035914290247,12085150,12090150,0.430553287056647,0.336430392496402,0.246971020557642,CM031909.1,0,3,1,1,3,0,2,3,3,0,3,3,0,4,4,0,0.00117844023438398,1,1
LOC105200007,CM031901.1,29866503,9.26569574485124,29863406,29868406,0.438056606445846,0.340703847621632,0.245488560054267,CM031901.1,0,4,1,1,6,9,1,15,2,13,2,13,-11,5,7,-2,0.00212644642497511,1,1
LOC105199194,CM031904.1,9306745,16.9005012026174,9304178,9309178,0.440227260470686,0.341422798131214,0.243596004289827,CM031904.1,0,3,0,3,5,6,2,11,5,6,2,9,-7,6,5,1,0.00212757238266487,1,1
LOC105203367,CM031911.1,12349923,12.5034806314207,12346286,12351286,0.439427114559211,0.347471174358153,0.261488517931158,CM031911.1,0,6,0,1,5,7,0,12,1,11,0,13,-13,7,5,2,0.00219581406913578,1,1
LOC105207435,CM031906.1,15417327,35.9635872437229,15412630,15417630,0.476265431382989,0.376307844453303,0.27638094446571,CM031906.1,0,4,0,6,0,3,4,3,10,-7,4,7,-3,10,0,10,0.00220306447590635,1,1
LOC105199555,CM031903.1,28788742,29.8684545359492,28785132,28790132,0.458681120156431,0.360551788739091,0.263831034448106,CM031903.1,0,0,1,0,5,3,1,8,1,7,2,3,-1,0,6,-6,0.00237727255422779,1,1
LOC105201668,CM031907.1,9663810,18.0862298745778,9660628,9665628,0.444775648403698,0.34626308030362,0.248939478889492,CM031907.1,0,3,0,0,5,11,0,16,0,16,0,14,-14,3,5,-2,0.00251756270002098,1,1
LOC105196591,CM031909.1,12118454,18.3006071278522,12115150,12120150,0.446317734502019,0.352201104061931,0.262472313347279,CM031909.1,0,3,0,3,0,3,2,3,5,-2,2,6,-4,6,0,6,0.00267126048581891,1,1
LOC105203251,CM031913.1,6739074,27.0152780319056,6735517,6740517,0.461095954874064,0.362259197247101,0.26429902076815,CM031913.1,0,4,2,10,0,0,8,0,18,-18,10,4,6,14,2,12,0.00307610351364756,1,1
LOC105206596,CM031902.1,12178240,31.6017409389506,12173306,12178306,0.488197430089532,0.388245490825101,0.288326883148318,CM031902.1,0,3,1,8,0,0,7,0,15,-15,8,3,5,11,1,10,0.00316839391597604,1,1
LOC105197766,CM031911.1,41890,11.7177950421669,38786,43786,0.446929557070368,0.355265470082747,0.269594286814679,CM031911.1,1,4,2,3,2,4,1,6,4,2,3,8,-5,7,4,3,0.00325075085628395,1,1
LOC105207562,CM031902.1,2981737,29.1357084991158,2978306,2983306,0.470536640539653,0.372758576224834,0.276574008554653,CM031902.1,0,2,2,4,3,0,0,3,4,-1,2,2,0,6,5,1,0.00331516322200728,1,1
LOC105199687,CM031907.1,982144,15.3162130372232,978128,983128,0.450803082386215,0.351872101038023,0.253780479723939,CM031907.1,0,6,0,2,3,6,0,9,2,7,0,12,-12,8,3,5,0.00348940254723906,1,1
LOC105196627,CM031906.1,17056792,28.7296,17052630,17057630,0.474254,0.3747478,0.2755994,CM031906.1,0,0,4,1,0,0,6,0,7,-7,10,0,10,1,4,-3,0.00359634138193603,1,1
LOC105207490,CM031907.1,6549785,27.4434315781621,6545628,6550628,0.472897095580944,0.373156801386036,0.273606165559956,CM031907.1,0,0,4,0,7,2,2,9,2,7,6,2,4,0,11,-11,0.00379908296494258,1,1
LOC105203259,CM031913.1,7141348,22.4300310215564,7138017,7143017,0.460655614188188,0.361211004192512,0.262189214531089,CM031913.1,0,1,3,1,1,0,3,1,4,-3,6,1,5,2,4,-2,0.0038132184771052,1,1
LOC105202040,CM031901.1,7911821,25.3945001387184,7908406,7913406,0.466440093003511,0.366970558802461,0.267896289064364,CM031901.1,0,7,2,9,0,2,4,2,13,-11,6,9,-3,16,2,14,0.00381348202582663,1,1
LOC105197860,CM031907.1,15272430,11.9292306171684,15268128,15273128,0.450999330686076,0.352447052306142,0.255024416633561,CM031907.1,0,1,8,3,6,2,6,8,9,-1,14,3,11,4,14,-10,0.00387621894979143,1,1
LOC105197574,CM031901.1,5733467,26.2951954710534,5730906,5735906,0.471408954317313,0.371769181577148,0.272393550824065,CM031901.1,0,1,7,1,10,4,4,14,5,9,11,5,6,2,17,-15,0.00398779837733697,1,1
LOC105196841,CM031909.1,12673503,16.399292218778,12670150,12675150,0.455185363500337,0.356789867164976,0.259623387772111,CM031909.1,0,3,5,2,3,4,2,7,4,3,7,7,0,5,8,-3,0.00407571069722476,1,1
LOC105194143,CM031913.1,2745703,12.0919725689986,2743017,2748017,0.45291602328184,0.355328840474157,0.259584756100935,CM031913.1,0,1,1,0,5,2,0,7,0,7,1,3,-2,1,6,-5,0.0040845184274297,1,1
LOC105202403,CM031907.1,7819417,14.9064069560515,7815628,7820628,0.455071238532653,0.358805737328213,0.265317323481982,CM031907.1,0,7,0,0,8,10,0,18,0,18,0,17,-17,7,8,-1,0.00414675631141782,1,1
LOC105202086,CM031901.1,8724994,15.688159541449,8720906,8725906,0.455873337943605,0.361066145252978,0.270031520841262,CM031901.1,0,2,7,2,5,4,3,9,5,4,10,6,4,4,12,-8,0.00416558626484481,1,1
LOC105200050,CM031907.1,8673988,10.6902573676951,8670628,8675628,0.453360257453389,0.355258062594226,0.258613725541014,CM031907.1,0,2,1,1,1,1,1,2,2,0,2,3,-1,3,2,1,0.00428893876295676,1,1
LOC105193022,CM031914.1,1806647,15.8736991654531,1802091,1807091,0.45717478005828,0.361298148793122,0.268447248302784,CM031914.1,0,1,2,0,3,3,0,6,0,6,2,4,-2,1,5,-4,0.00435139804277529,1,1
LOC105206010,CM031914.1,5064597,9.33863340370976,5062091,5067091,0.453330209394875,0.354819506345599,0.257459677263582,CM031914.1,0,1,2,1,3,2,6,5,7,-2,8,3,5,2,5,-3,0.00435626863941801,1,1
LOC105195900,CM031901.1,25112519,12.5399726592551,25108406,25113406,0.455035566064965,0.359490903657706,0.267226595310433,CM031901.1,0,1,8,1,6,2,5,8,6,2,13,3,10,2,14,-12,0.00437980901517453,1,1
LOC105199406,CM031903.1,3720925,21.6915753877627,3717632,3722632,0.46450829133777,0.369107207626097,0.276969869699819,CM031903.1,0,2,4,3,5,2,1,7,4,3,5,4,1,5,9,-4,0.00440907748611985,1,1
LOC105202404,CM031907.1,7820454,10.5459363489092,7815628,7820628,0.455071238532653,0.358805737328213,0.265317323481982,CM031907.1,0,2,5,1,8,4,2,12,3,9,7,6,1,3,13,-10,0.00452679222078708,1,1
LOC105200962,CM031913.1,9679566,4.48382809032023,9675517,9680517,0.454289965316709,0.354878835079603,0.255926947755519,CM031913.1,0,0,5,6,0,0,8,0,14,-14,13,0,13,6,5,1,0.00457904333119361,1,1
LOC105200182,CM031914.1,488628,18.4251146262693,484591,489591,0.461744539741938,0.362807809519256,0.264671481869179,CM031914.1,0,7,0,2,2,7,1,9,3,6,1,14,-13,9,2,7,0.00465414646055974,1,1
LOC105196972,CM031908.1,16978152,14.9821936853245,16973507,16978507,0.458588923574869,0.362385892451375,0.268967041233683,CM031908.1,0,9,0,0,14,13,0,27,0,27,0,22,-22,9,14,-5,0.0046686300515495,1,1
LOC105195806,CM031904.1,22901206,25.2448930404237,22896678,22901678,0.480653724390254,0.380879179954225,0.28126481592084,CM031904.1,0,2,0,1,3,3,0,6,1,5,0,5,-5,3,3,0,0.00468299870406748,1,1
LOC105201493,CM031904.1,8620395,4.93523295208922,8616678,8621678,0.454774199855478,0.356482609001978,0.259499765293773,CM031904.1,1,3,2,3,0,1,1,1,4,-3,3,4,-1,6,2,4,0.00470122439871416,1,1
LOC105199366,CM031912.1,9756239,15.8540730490189,9751354,9756354,0.459589676919905,0.360819618273927,0.262980840996721,CM031912.1,0,1,1,2,2,3,0,5,2,3,1,4,-3,3,3,0,0.00475646666361251,1,1
LOC105206021,CM031914.1,5041838,15.6716330922254,5037091,5042091,0.460143131441457,0.361059586789701,0.262671561103881,CM031914.1,0,2,2,4,0,1,6,1,10,-9,8,3,5,6,2,4,0.0047769154083812,1,1
LOC105204473,CM031908.1,3815691,12.7449779229294,3811007,3816007,0.457897539195222,0.360739301436702,0.265698194952543,CM031908.1,0,1,4,3,1,1,5,2,8,-6,9,2,7,4,5,-1,0.00479426882424205,1,1
