gene,chr,snp,clr,start,end,ncd05,ncd04,ncd03,facet,immune,qw_queen,qw_worker,mq_queen,mq_male,mw_male,mw_worker,male_biased_tissues,nonmale_biased_tissues,male_bias_index,worker_biased_tissues,nonworker_biased_tissues,worker_bias_index,queen_biased_tissues,nonqueen_biased_tissues,queen_bias_index,sig,density,candens
LOC105199771,CM031901.1,31008944,13.3110062017937,31005906,31010906,0.139913682585014,0.0399191504731752,0.060093581807877,CM031901.1,0,0,0,0,1,2,0,3,0,3,0,2,-2,0,1,-1,1,6.46542782281345e-07,2
LOC105202761,CM031903.1,15951592,76.3826140517604,15947632,15952632,0.467312103019578,0.36757240876557,0.268026770571274,CM031903.1,0,NA,NA,NA,NA,NA,NA,NA,NA,NA,NA,NA,NA,NA,NA,NA,1,1.44676751792162e-05,2
LOC105202791,CM031903.1,15951592,76.3826140517604,15947632,15952632,0.467312103019578,0.36757240876557,0.268026770571274,CM031903.1,0,4,2,0,8,4,0,12,0,12,2,8,-6,4,10,-6,1,1.44676751792162e-05,2
LOC120359854,CM031909.1,16662794,75.0606273709254,16660150,16665150,0.46580569555411,0.365918891847152,0.26611712611301,CM031909.1,0,NA,NA,NA,NA,NA,NA,NA,NA,NA,NA,NA,NA,NA,NA,NA,1,1.70610593023225e-05,2
LOC105202593,CM031909.1,13753816,62.1097353405412,13750150,13755150,0.461279353725528,0.361637231453622,0.262267672757129,CM031909.1,0,2,3,1,3,4,4,7,5,2,7,6,1,3,6,-3,1,9.74743553386372e-05,2
LOC105194123,CM031909.1,14340157,58.5153418194595,14337650,14342650,0.471677857560399,0.371817029761226,0.272058460497285,CM031909.1,0,0,2,1,3,6,3,9,4,5,5,6,-1,1,5,-4,1,0.000187000972874101,2
LOC105193951,CM031907.1,5638348,53.6081150303172,5635628,5640628,0.455925391109952,0.356747916848059,0.258205712741016,CM031907.1,0,NA,NA,NA,NA,NA,NA,NA,NA,NA,NA,NA,NA,NA,NA,NA,1,0.000251976799865486,2
LOC105203381,CM031909.1,13885898,53.4823640767563,13882650,13887650,0.472679440576629,0.372776141520206,0.272943675196092,CM031909.1,0,NA,NA,NA,NA,NA,NA,NA,NA,NA,NA,NA,NA,NA,NA,NA,1,0.000358308418963443,2
LOC105198477,CM031909.1,15685041,46.2633193715501,15680150,15685150,0.459373548191269,0.359468400249363,0.259636293260084,CM031909.1,0,3,2,0,1,3,2,4,2,2,4,6,-2,3,3,0,1,0.000621194551607254,2
LOC105204319,CM031909.1,15685041,46.2633193715501,15680150,15685150,0.459373548191269,0.359468400249363,0.259636293260084,CM031909.1,0,0,2,0,5,0,1,5,1,4,3,0,3,0,7,-7,1,0.000621194551607254,2
LOC105205287,CM031906.1,23564432,37.1976824202142,23560130,23565130,0.439375667062641,0.342601691456068,0.248396580432132,CM031906.1,0,10,0,2,0,7,0,7,2,5,0,17,-17,12,0,12,1,0.000665211150938138,2
LOC113004858,CM031911.1,11094976,16.9429845647646,11091286,11096286,0.422885723425641,0.333550493401908,0.252348029950869,CM031911.1,0,NA,NA,NA,NA,NA,NA,NA,NA,NA,NA,NA,NA,NA,NA,NA,1,0.000760389329152343,2
LOC105197185,CM031907.1,9661353,37.6058738111572,9658128,9663128,0.445586814793727,0.346834902393082,0.249080889507844,CM031907.1,0,7,0,3,0,6,0,6,3,3,0,13,-13,10,0,10,1,0.000870758783309684,2
LOC105205121,CM031902.1,12168914,34.7049059507412,12165806,12170806,0.442113230855719,0.345980788336119,0.252866175867161,CM031902.1,0,6,1,8,1,1,4,2,12,-10,5,7,-2,14,2,12,1,0.000931480613333074,2
LOC105194898,CM031904.1,5883744,43.8640393975702,5879178,5884178,0.469528959703005,0.369791868853354,0.270249160110307,CM031904.1,0,NA,NA,NA,NA,NA,NA,NA,NA,NA,NA,NA,NA,NA,NA,NA,1,0.00100243270127652,2
LOC105205250,CM031906.1,23562971,30.3013891357808,23560130,23565130,0.439375667062641,0.342601691456068,0.248396580432132,CM031906.1,0,3,1,0,3,3,1,6,1,5,2,6,-4,3,4,-1,1,0.00109936200862922,2
LOC105201365,CM031913.1,5638897,40.7164724559245,5635517,5640517,0.463157957291326,0.364042527555422,0.265591096115075,CM031913.1,0,0,13,7,0,0,14,0,21,-21,27,0,27,7,13,-6,1,0.00120066683433924,2
LOC105196578,CM031909.1,12089044,18.0035914290247,12085150,12090150,0.430553287056647,0.336430392496402,0.246971020557642,CM031909.1,0,3,1,1,3,0,2,3,3,0,3,3,0,4,4,0,1,0.00121939153146474,2
LOC105196912,CM031903.1,16430744,8.00465016762519,16427632,16432632,0.427606265936736,0.329723568061225,0.233641058039233,CM031903.1,0,1,0,0,3,4,0,7,0,7,0,5,-5,1,3,-2,0,0.00122563052312854,2
LOC105203366,CM031911.1,12337220,15.4640079526842,12333786,12338786,0.431080795574146,0.342912396703354,0.26333851088065,CM031911.1,0,0,5,3,0,0,8,0,11,-11,13,0,13,3,5,-2,1,0.00136299341005762,2
LOC105201813,CM031901.1,1296022,35.0284878593568,1293406,1298406,0.451874275478804,0.352560996042391,0.253787610062651,CM031901.1,0,2,2,0,7,4,0,11,0,11,2,6,-4,2,9,-7,1,0.00137398246148044,2
LOC120358644,CM031909.1,9114111,37.0770292000739,9110150,9115150,0.458081405824389,0.358801901744378,0.260075056529294,CM031909.1,0,NA,NA,NA,NA,NA,NA,NA,NA,NA,NA,NA,NA,NA,NA,NA,1,0.00142884022928491,2
LOC105204753,CM031903.1,7852427,7.10960838799983,7847632,7852632,0.430786627474235,0.332082923997343,0.234480315614392,CM031903.1,0,NA,NA,NA,NA,NA,NA,NA,NA,NA,NA,NA,NA,NA,NA,NA,0,0.00147108035171236,2
